0 0.421875 0.20234375 0.84296875 0.11015625
0 0.41953125 0.2734375 0.8390625 0.11640625
0 0.4203125 0.3140625 0.840625 0.0875
0 0.4046875 0.36875 0.809375 0.08125
0 0.4390625 0.41796875 0.878125 0.08203125
0 0.421875 0.45625 0.84296875 0.075
0 0.4265625 0.52578125 0.784375 0.1015625
0 0.4109375 0.56875 0.821875 0.11484375
0 0.43203125 0.61953125 0.85859375 0.128125
0 0.4640625 0.67890625 0.82734375 0.125
0 0.38984375 0.72109375 0.778125 0.13671875
0 0.38125 0.77578125 0.7609375 0.1453125
0 0.35390625 0.82578125 0.69765625 0.13671875
0 0.36484375 0.8859375 0.7234375 0.13984375
0 0.3984375 0.94140625 0.7875 0.1171875